{
 "cells": [
  {
   "cell_type": "markdown",
   "metadata": {},
   "source": [
    "# Trabalho 2 - SVD e recomendação de filmes.         Nícolas Hecker Silva         RA: 186132\n",
    "\n",
    "A primeira parte importante desse trabalho é baixar as dependencias necessárias usando pip, caso a máquina não as possua. Para isso usamos o código abaixo:"
   ]
  },
  {
   "cell_type": "code",
   "execution_count": 3,
   "metadata": {},
   "outputs": [
    {
     "name": "stdout",
     "output_type": "stream",
     "text": [
      "Requirement already satisfied: pandas in ./.venv/lib/python3.12/site-packages (2.2.3)\n",
      "Requirement already satisfied: numpy>=1.26.0 in ./.venv/lib/python3.12/site-packages (from pandas) (2.1.1)\n",
      "Requirement already satisfied: python-dateutil>=2.8.2 in ./.venv/lib/python3.12/site-packages (from pandas) (2.9.0.post0)\n",
      "Requirement already satisfied: pytz>=2020.1 in ./.venv/lib/python3.12/site-packages (from pandas) (2024.2)\n",
      "Requirement already satisfied: tzdata>=2022.7 in ./.venv/lib/python3.12/site-packages (from pandas) (2024.1)\n",
      "Requirement already satisfied: six>=1.5 in ./.venv/lib/python3.12/site-packages (from python-dateutil>=2.8.2->pandas) (1.16.0)\n",
      "Requirement already satisfied: jax in ./.venv/lib/python3.12/site-packages (0.4.34)\n",
      "Requirement already satisfied: jaxlib<=0.4.34,>=0.4.34 in ./.venv/lib/python3.12/site-packages (from jax) (0.4.34)\n",
      "Requirement already satisfied: ml-dtypes>=0.2.0 in ./.venv/lib/python3.12/site-packages (from jax) (0.5.0)\n",
      "Requirement already satisfied: numpy>=1.24 in ./.venv/lib/python3.12/site-packages (from jax) (2.1.1)\n",
      "Requirement already satisfied: opt-einsum in ./.venv/lib/python3.12/site-packages (from jax) (3.3.0)\n",
      "Requirement already satisfied: scipy>=1.10 in ./.venv/lib/python3.12/site-packages (from jax) (1.14.1)\n",
      "Looking in links: https://storage.googleapis.com/jax-releases/jax_cuda_releases.html\n",
      "Requirement already satisfied: jax[cuda12_pip] in ./.venv/lib/python3.12/site-packages (0.4.34)\n",
      "Requirement already satisfied: jaxlib<=0.4.34,>=0.4.34 in ./.venv/lib/python3.12/site-packages (from jax[cuda12_pip]) (0.4.34)\n",
      "Requirement already satisfied: ml-dtypes>=0.2.0 in ./.venv/lib/python3.12/site-packages (from jax[cuda12_pip]) (0.5.0)\n",
      "Requirement already satisfied: numpy>=1.24 in ./.venv/lib/python3.12/site-packages (from jax[cuda12_pip]) (2.1.1)\n",
      "Requirement already satisfied: opt-einsum in ./.venv/lib/python3.12/site-packages (from jax[cuda12_pip]) (3.3.0)\n",
      "Requirement already satisfied: scipy>=1.10 in ./.venv/lib/python3.12/site-packages (from jax[cuda12_pip]) (1.14.1)\n",
      "Requirement already satisfied: jax-cuda12-plugin<=0.4.34,>=0.4.34 in ./.venv/lib/python3.12/site-packages (from jax-cuda12-plugin[with_cuda]<=0.4.34,>=0.4.34; extra == \"cuda12-pip\"->jax[cuda12_pip]) (0.4.34)\n",
      "Requirement already satisfied: jax-cuda12-pjrt==0.4.34 in ./.venv/lib/python3.12/site-packages (from jax-cuda12-plugin<=0.4.34,>=0.4.34->jax-cuda12-plugin[with_cuda]<=0.4.34,>=0.4.34; extra == \"cuda12-pip\"->jax[cuda12_pip]) (0.4.34)\n",
      "Requirement already satisfied: nvidia-cublas-cu12>=12.1.3.1 in ./.venv/lib/python3.12/site-packages (from jax-cuda12-plugin[with_cuda]<=0.4.34,>=0.4.34; extra == \"cuda12-pip\"->jax[cuda12_pip]) (12.6.1.4)\n",
      "Requirement already satisfied: nvidia-cuda-cupti-cu12>=12.1.105 in ./.venv/lib/python3.12/site-packages (from jax-cuda12-plugin[with_cuda]<=0.4.34,>=0.4.34; extra == \"cuda12-pip\"->jax[cuda12_pip]) (12.6.68)\n",
      "Requirement already satisfied: nvidia-cuda-nvcc-cu12>=12.1.105 in ./.venv/lib/python3.12/site-packages (from jax-cuda12-plugin[with_cuda]<=0.4.34,>=0.4.34; extra == \"cuda12-pip\"->jax[cuda12_pip]) (12.6.68)\n",
      "Requirement already satisfied: nvidia-cuda-runtime-cu12>=12.1.105 in ./.venv/lib/python3.12/site-packages (from jax-cuda12-plugin[with_cuda]<=0.4.34,>=0.4.34; extra == \"cuda12-pip\"->jax[cuda12_pip]) (12.6.68)\n",
      "Requirement already satisfied: nvidia-cudnn-cu12<10.0,>=9.1 in ./.venv/lib/python3.12/site-packages (from jax-cuda12-plugin[with_cuda]<=0.4.34,>=0.4.34; extra == \"cuda12-pip\"->jax[cuda12_pip]) (9.4.0.58)\n",
      "Requirement already satisfied: nvidia-cufft-cu12>=11.0.2.54 in ./.venv/lib/python3.12/site-packages (from jax-cuda12-plugin[with_cuda]<=0.4.34,>=0.4.34; extra == \"cuda12-pip\"->jax[cuda12_pip]) (11.2.6.59)\n",
      "Requirement already satisfied: nvidia-cusolver-cu12>=11.4.5.107 in ./.venv/lib/python3.12/site-packages (from jax-cuda12-plugin[with_cuda]<=0.4.34,>=0.4.34; extra == \"cuda12-pip\"->jax[cuda12_pip]) (11.6.4.69)\n",
      "Requirement already satisfied: nvidia-cusparse-cu12>=12.1.0.106 in ./.venv/lib/python3.12/site-packages (from jax-cuda12-plugin[with_cuda]<=0.4.34,>=0.4.34; extra == \"cuda12-pip\"->jax[cuda12_pip]) (12.5.3.3)\n",
      "Requirement already satisfied: nvidia-nccl-cu12>=2.18.1 in ./.venv/lib/python3.12/site-packages (from jax-cuda12-plugin[with_cuda]<=0.4.34,>=0.4.34; extra == \"cuda12-pip\"->jax[cuda12_pip]) (2.23.4)\n",
      "Requirement already satisfied: nvidia-nvjitlink-cu12>=12.1.105 in ./.venv/lib/python3.12/site-packages (from jax-cuda12-plugin[with_cuda]<=0.4.34,>=0.4.34; extra == \"cuda12-pip\"->jax[cuda12_pip]) (12.6.68)\n",
      "Requirement already satisfied: scikit-learn in ./.venv/lib/python3.12/site-packages (1.5.2)\n",
      "Requirement already satisfied: numpy>=1.19.5 in ./.venv/lib/python3.12/site-packages (from scikit-learn) (2.1.1)\n",
      "Requirement already satisfied: scipy>=1.6.0 in ./.venv/lib/python3.12/site-packages (from scikit-learn) (1.14.1)\n",
      "Requirement already satisfied: joblib>=1.2.0 in ./.venv/lib/python3.12/site-packages (from scikit-learn) (1.4.2)\n",
      "Requirement already satisfied: threadpoolctl>=3.1.0 in ./.venv/lib/python3.12/site-packages (from scikit-learn) (3.5.0)\n",
      "Requirement already satisfied: matplotlib in ./.venv/lib/python3.12/site-packages (3.9.2)\n",
      "Requirement already satisfied: contourpy>=1.0.1 in ./.venv/lib/python3.12/site-packages (from matplotlib) (1.3.0)\n",
      "Requirement already satisfied: cycler>=0.10 in ./.venv/lib/python3.12/site-packages (from matplotlib) (0.12.1)\n",
      "Requirement already satisfied: fonttools>=4.22.0 in ./.venv/lib/python3.12/site-packages (from matplotlib) (4.53.1)\n",
      "Requirement already satisfied: kiwisolver>=1.3.1 in ./.venv/lib/python3.12/site-packages (from matplotlib) (1.4.7)\n",
      "Requirement already satisfied: numpy>=1.23 in ./.venv/lib/python3.12/site-packages (from matplotlib) (2.1.1)\n",
      "Requirement already satisfied: packaging>=20.0 in ./.venv/lib/python3.12/site-packages (from matplotlib) (24.1)\n",
      "Requirement already satisfied: pillow>=8 in ./.venv/lib/python3.12/site-packages (from matplotlib) (10.4.0)\n",
      "Requirement already satisfied: pyparsing>=2.3.1 in ./.venv/lib/python3.12/site-packages (from matplotlib) (3.1.4)\n",
      "Requirement already satisfied: python-dateutil>=2.7 in ./.venv/lib/python3.12/site-packages (from matplotlib) (2.9.0.post0)\n",
      "Requirement already satisfied: six>=1.5 in ./.venv/lib/python3.12/site-packages (from python-dateutil>=2.7->matplotlib) (1.16.0)\n"
     ]
    }
   ],
   "source": [
    "# instalar dependencias\n",
    "!python -m pip install pandas\n",
    "!python -m pip install jax\n",
    "!python -m pip install --upgrade \"jax[cuda12_pip]\" -f https://storage.googleapis.com/jax-releases/jax_cuda_releases.html\n",
    "!python -m pip install scikit-learn\n",
    "!python -m pip install matplotlib\n"
   ]
  },
  {
   "cell_type": "markdown",
   "metadata": {},
   "source": [
    "# Implementação do SVD:\n",
    "\n",
    "Através das funções de autovetores e autovalores e comparando com a função própria.\n",
    "\n",
    "primeiro função própria do jax e do numpy"
   ]
  },
  {
   "cell_type": "code",
   "execution_count": 4,
   "metadata": {},
   "outputs": [
    {
     "name": "stdout",
     "output_type": "stream",
     "text": [
      "Autovetores U:\n",
      " [[ 0.14087664  0.82471395  0.46999776  0.2812515 ]\n",
      " [ 0.34394628  0.42626432 -0.8362956  -0.02468661]\n",
      " [ 0.5470158   0.02781341  0.2625992  -0.7943813 ]\n",
      " [ 0.75008535 -0.37063694  0.10369895  0.5378164 ]]\n",
      "Autovalores:\n",
      " [2.5462400e+01 1.2906601e+00 2.8028271e-07]\n",
      "Autovetores VT:\n",
      " [[ 0.5045332   0.5745157   0.64449817]\n",
      " [-0.7607754  -0.05714092  0.64649487]\n",
      " [ 0.40824872 -0.81649655  0.40824792]]\n",
      "\n",
      "================================== Agora com numpy ===========================================\n",
      "\n",
      "Autovetores U:\n",
      " [[-0.14087668 -0.82471435  0.54704904 -0.02715407]\n",
      " [-0.34394629 -0.42626394 -0.70915928  0.4439517 ]\n",
      " [-0.54701591 -0.02781353 -0.22282857 -0.80644121]\n",
      " [-0.75008553  0.37063688  0.38493881  0.38964357]]\n",
      "Autovalores:\n",
      " [2.54624074e+01 1.29066168e+00 1.80972823e-15]\n",
      "Autovetores VT:\n",
      " [[-0.50453315 -0.5745157  -0.64449826]\n",
      " [ 0.76077568  0.05714052 -0.64649464]\n",
      " [-0.40824829  0.81649658 -0.40824829]]\n"
     ]
    },
    {
     "name": "stderr",
     "output_type": "stream",
     "text": [
      "2024-10-09 10:44:38.470544: W external/xla/xla/service/gpu/nvptx_compiler.cc:930] The NVIDIA driver's CUDA version is 12.4 which is older than the PTX compiler version 12.6.68. Because the driver is older than the PTX compiler version, XLA is disabling parallel compilation, which may slow down compilation. You should update your NVIDIA driver or use the NVIDIA-provided CUDA forward compatibility packages.\n"
     ]
    }
   ],
   "source": [
    "import jax.numpy as jnp\n",
    "\n",
    "matrix = jnp.array([[1, 2, 3], [4, 5, 6], [7, 8, 9], [10, 11, 12]])\n",
    "\n",
    "U, S, VT = jnp.linalg.svd(matrix, full_matrices=True)\n",
    "\n",
    "print(\"Autovetores U:\\n\", U)\n",
    "print(\"Autovalores:\\n\",S)\n",
    "print(\"Autovetores VT:\\n\",VT)\n",
    "\n",
    "print(\"\\n================================== Agora com numpy ===========================================\\n\")\n",
    "import numpy as np\n",
    "matriz = np.array([[1, 2, 3], [4, 5, 6], [7, 8, 9], [10, 11, 12]])\n",
    "Un, Sn, VTn = np.linalg.svd(matriz, full_matrices=True)\n",
    "\n",
    "print(\"Autovetores U:\\n\", Un)\n",
    "print(\"Autovalores:\\n\",Sn)\n",
    "print(\"Autovetores VT:\\n\",VTn)\n"
   ]
  },
  {
   "cell_type": "code",
   "execution_count": 5,
   "metadata": {},
   "outputs": [
    {
     "name": "stdout",
     "output_type": "stream",
     "text": [
      "Matriz esquerda:\n",
      " [[ 14  32  50  68]\n",
      " [ 32  77 122 167]\n",
      " [ 50 122 194 266]\n",
      " [ 68 167 266 365]]\n",
      "Matriz direita:\n",
      " [[166 188 210]\n",
      " [188 214 240]\n",
      " [210 240 270]]\n",
      "Autovetores esquerda:\n",
      " [[-0.34394345  0.42626652  0.82471424  0.14087665]\n",
      " [ 0.14087537 -0.8247139   0.42626527  0.34394637]\n",
      " [ 0.7500866   0.37063494  0.02781123  0.5470159 ]\n",
      " [-0.5470166   0.02781428 -0.37063578  0.7500856 ]]\n",
      "Autovetores direita:\n",
      " [[ 0.40824673 -0.7607764   0.50453305]\n",
      " [-0.8164966  -0.05713892  0.5745157 ]\n",
      " [ 0.4082495   0.6464938   0.6444983 ]]\n",
      "Autovalores S1:\n",
      " [ 0.         0.         1.2906629 25.46241  ]\n",
      "Autovalores S2:\n",
      " [ 0.         1.2906607 25.462406 ]\n"
     ]
    }
   ],
   "source": [
    "SL = matrix @ matrix.T\n",
    "SR = matrix.T @ matrix\n",
    "\n",
    "print(\"Matriz esquerda:\\n\",SL)\n",
    "print(\"Matriz direita:\\n\",SR)\n",
    "    \n",
    "s1,u = jnp.linalg.eigh(SL)\n",
    "s2,v = jnp.linalg.eigh(SR)\n",
    "\n",
    "# se módulo menor que 1e-5, considera zero. Também tira a raiz quadrada\n",
    "s1 = jnp.where(jnp.abs(s1) < 1e-5, 0, s1)**0.5\n",
    "s2 = jnp.where(jnp.abs(s2) < 1e-5, 0, s2)**0.5\n",
    "\n",
    "print(\"Autovetores esquerda:\\n\",u)\n",
    "print(\"Autovetores direita:\\n\",v)\n",
    "print(\"Autovalores S1:\\n\",s1)\n",
    "print(\"Autovalores S2:\\n\",s2)"
   ]
  },
  {
   "cell_type": "code",
   "execution_count": 6,
   "metadata": {},
   "outputs": [
    {
     "name": "stdout",
     "output_type": "stream",
     "text": [
      "Autovetores esquerda ordenados:\n",
      " [[ 0.14087665  0.82471424  0.42626652 -0.34394345]\n",
      " [ 0.34394637  0.42626527 -0.8247139   0.14087537]\n",
      " [ 0.5470159   0.02781123  0.37063494  0.7500866 ]\n",
      " [ 0.7500856  -0.37063578  0.02781428 -0.5470166 ]]\n",
      "Autovetores direita ordenados transposto:\n",
      " [[ 0.50453305  0.5745157   0.6444983 ]\n",
      " [-0.7607764  -0.05713892  0.6464938 ]\n",
      " [ 0.40824673 -0.8164966   0.4082495 ]]\n",
      "Autovalores S1 ordenados:\n",
      " [25.46241    1.2906629  0.         0.       ]\n",
      "Autovalores S2 ordenados:\n",
      " [25.462406   1.2906607  0.       ]\n",
      "\n",
      " ==================== comapração com SVD nativo =====================\n",
      "\n",
      "Autovetores U:\n",
      " [[ 0.14087664  0.82471395  0.46999776  0.2812515 ]\n",
      " [ 0.34394628  0.42626432 -0.8362956  -0.02468661]\n",
      " [ 0.5470158   0.02781341  0.2625992  -0.7943813 ]\n",
      " [ 0.75008535 -0.37063694  0.10369895  0.5378164 ]]\n",
      "Autovalores:\n",
      " [25.4624     1.2906601  0.       ]\n",
      "Autovetores VT:\n",
      " [[ 0.5045332   0.5745157   0.64449817]\n",
      " [-0.7607754  -0.05714092  0.64649487]\n",
      " [ 0.40824872 -0.81649655  0.40824792]]\n"
     ]
    }
   ],
   "source": [
    "# obtem os indices para que ordenam os autovalores\n",
    "idx1 = jnp.argsort(s1)[::-1]\n",
    "idx2 = jnp.argsort(s2)[::-1]\n",
    "\n",
    "# ordena os autovalores e autovetores\n",
    "s1 = s1[idx1]\n",
    "s2 = s2[idx2]\n",
    "\n",
    "u = u[:,idx1]\n",
    "v = v[:,idx2]\n",
    "\n",
    "print(\"Autovetores esquerda ordenados:\\n\",u)\n",
    "print(\"Autovetores direita ordenados transposto:\\n\",v.T)\n",
    "print(\"Autovalores S1 ordenados:\\n\",s1)\n",
    "print(\"Autovalores S2 ordenados:\\n\",s2)\n",
    "\n",
    "print(\"\\n ==================== comapração com SVD nativo =====================\\n\")\n",
    "\n",
    "print(\"Autovetores U:\\n\", U)\n",
    "print(\"Autovalores:\\n\",jnp.where(jnp.abs(S) < 1e-5, 0, S))\n",
    "print(\"Autovetores VT:\\n\",VT)\n",
    "\n"
   ]
  },
  {
   "cell_type": "code",
   "execution_count": 7,
   "metadata": {},
   "outputs": [
    {
     "name": "stdout",
     "output_type": "stream",
     "text": [
      "Autovetores U:\n",
      " [[ 0.14087665  0.82471424  0.42626652 -0.34394345]\n",
      " [ 0.34394637  0.42626527 -0.8247139   0.14087537]\n",
      " [ 0.5470159   0.02781123  0.37063494  0.7500866 ]\n",
      " [ 0.7500856  -0.37063578  0.02781428 -0.5470166 ]]\n",
      "Autovalores:\n",
      " [25.46241    1.2906629  0.         0.       ]\n",
      "Autovetores VT:\n",
      " [[ 0.50453305  0.5745157   0.6444983 ]\n",
      " [-0.7607764  -0.05713892  0.6464938 ]\n",
      " [ 0.40824673 -0.8164966   0.4082495 ]]\n",
      "\n",
      "================================== Última comparação com o oficial ===========================================\n",
      "\n",
      "Autovetores U:\n",
      " [[ 0.14087664  0.82471395  0.46999776  0.2812515 ]\n",
      " [ 0.34394628  0.42626432 -0.8362956  -0.02468661]\n",
      " [ 0.5470158   0.02781341  0.2625992  -0.7943813 ]\n",
      " [ 0.75008535 -0.37063694  0.10369895  0.5378164 ]]\n",
      "Autovalores:\n",
      " [25.4624     1.2906601  0.       ]\n",
      "Autovetores VT:\n",
      " [[ 0.5045332   0.5745157   0.64449817]\n",
      " [-0.7607754  -0.05714092  0.64649487]\n",
      " [ 0.40824872 -0.81649655  0.40824792]]\n"
     ]
    }
   ],
   "source": [
    "def svd(matrix):\n",
    "    SL = matrix @ matrix.T\n",
    "    SR = matrix.T @ matrix\n",
    "\n",
    "    s1,u = jnp.linalg.eigh(SL)\n",
    "    s2,v = jnp.linalg.eigh(SR)\n",
    "\n",
    "    # se módulo menor que 1e-5, considera zero. Também tira a raiz quadrada\n",
    "    s1 = jnp.where(jnp.abs(s1) < 1e-5, 0, s1)**0.5\n",
    "    s2 = jnp.where(jnp.abs(s2) < 1e-5, 0, s2)**0.5\n",
    "\n",
    "    # obtem os indices para que ordenam os autovalores\n",
    "    idx1 = jnp.argsort(s1)[::-1]\n",
    "    idx2 = jnp.argsort(s2)[::-1]\n",
    "\n",
    "    # ordena os autovalores e autovetores\n",
    "    s1 = s1[idx1]\n",
    "    s2 = s2[idx2]\n",
    "\n",
    "    u = u[:,idx1]\n",
    "    v = v[:,idx2]\n",
    "\n",
    "    return u,s1,v.T\n",
    "\n",
    "u, s, vt = svd(matrix)\n",
    "print(\"Autovetores U:\\n\", u)\n",
    "print(\"Autovalores:\\n\",s)\n",
    "print(\"Autovetores VT:\\n\",vt)\n",
    "\n",
    "print(\"\\n================================== Última comparação com o oficial ===========================================\\n\")\n",
    "\n",
    "print(\"Autovetores U:\\n\", U)\n",
    "print(\"Autovalores:\\n\",jnp.where(jnp.abs(S) < 1e-5, 0, S))\n",
    "print(\"Autovetores VT:\\n\",VT)"
   ]
  },
  {
   "cell_type": "code",
   "execution_count": 8,
   "metadata": {},
   "outputs": [],
   "source": [
    "# get the dataset of https://files.grouplens.org/datasets/movielens/ml-100k.zip if not exists\n",
    "import os\n",
    "if not os.path.exists('dataset-t2/ml-100k'):\n",
    "    !wget https://files.grouplens.org/datasets/movielens/ml-100k.zip\n",
    "    !unzip ml-100k.zip -d dataset-t2/\n",
    "    # remove the zip file\n",
    "    !rm ml-100k.zip"
   ]
  },
  {
   "cell_type": "markdown",
   "metadata": {},
   "source": [
    "Os conjuntos preprocessados, possuem todos os sujeitos no treino. Entretanto isso não é interessante para a tarefa, uma vez que queremos prever as avaliacoes para um novo sujeito. Logo, precisamos fazer nosso próprio particionamento."
   ]
  },
  {
   "cell_type": "code",
   "execution_count": 9,
   "metadata": {},
   "outputs": [
    {
     "data": {
      "text/html": [
       "<div>\n",
       "<style scoped>\n",
       "    .dataframe tbody tr th:only-of-type {\n",
       "        vertical-align: middle;\n",
       "    }\n",
       "\n",
       "    .dataframe tbody tr th {\n",
       "        vertical-align: top;\n",
       "    }\n",
       "\n",
       "    .dataframe thead th {\n",
       "        text-align: right;\n",
       "    }\n",
       "</style>\n",
       "<table border=\"1\" class=\"dataframe\">\n",
       "  <thead>\n",
       "    <tr style=\"text-align: right;\">\n",
       "      <th></th>\n",
       "      <th>user_id</th>\n",
       "      <th>movie_id</th>\n",
       "      <th>rating</th>\n",
       "      <th>timestamp</th>\n",
       "    </tr>\n",
       "  </thead>\n",
       "  <tbody>\n",
       "    <tr>\n",
       "      <th>0</th>\n",
       "      <td>196</td>\n",
       "      <td>242</td>\n",
       "      <td>3</td>\n",
       "      <td>881250949</td>\n",
       "    </tr>\n",
       "    <tr>\n",
       "      <th>1</th>\n",
       "      <td>186</td>\n",
       "      <td>302</td>\n",
       "      <td>3</td>\n",
       "      <td>891717742</td>\n",
       "    </tr>\n",
       "    <tr>\n",
       "      <th>2</th>\n",
       "      <td>22</td>\n",
       "      <td>377</td>\n",
       "      <td>1</td>\n",
       "      <td>878887116</td>\n",
       "    </tr>\n",
       "    <tr>\n",
       "      <th>3</th>\n",
       "      <td>244</td>\n",
       "      <td>51</td>\n",
       "      <td>2</td>\n",
       "      <td>880606923</td>\n",
       "    </tr>\n",
       "    <tr>\n",
       "      <th>4</th>\n",
       "      <td>166</td>\n",
       "      <td>346</td>\n",
       "      <td>1</td>\n",
       "      <td>886397596</td>\n",
       "    </tr>\n",
       "    <tr>\n",
       "      <th>...</th>\n",
       "      <td>...</td>\n",
       "      <td>...</td>\n",
       "      <td>...</td>\n",
       "      <td>...</td>\n",
       "    </tr>\n",
       "    <tr>\n",
       "      <th>99995</th>\n",
       "      <td>880</td>\n",
       "      <td>476</td>\n",
       "      <td>3</td>\n",
       "      <td>880175444</td>\n",
       "    </tr>\n",
       "    <tr>\n",
       "      <th>99996</th>\n",
       "      <td>716</td>\n",
       "      <td>204</td>\n",
       "      <td>5</td>\n",
       "      <td>879795543</td>\n",
       "    </tr>\n",
       "    <tr>\n",
       "      <th>99997</th>\n",
       "      <td>276</td>\n",
       "      <td>1090</td>\n",
       "      <td>1</td>\n",
       "      <td>874795795</td>\n",
       "    </tr>\n",
       "    <tr>\n",
       "      <th>99998</th>\n",
       "      <td>13</td>\n",
       "      <td>225</td>\n",
       "      <td>2</td>\n",
       "      <td>882399156</td>\n",
       "    </tr>\n",
       "    <tr>\n",
       "      <th>99999</th>\n",
       "      <td>12</td>\n",
       "      <td>203</td>\n",
       "      <td>3</td>\n",
       "      <td>879959583</td>\n",
       "    </tr>\n",
       "  </tbody>\n",
       "</table>\n",
       "<p>100000 rows × 4 columns</p>\n",
       "</div>"
      ],
      "text/plain": [
       "       user_id  movie_id  rating  timestamp\n",
       "0          196       242       3  881250949\n",
       "1          186       302       3  891717742\n",
       "2           22       377       1  878887116\n",
       "3          244        51       2  880606923\n",
       "4          166       346       1  886397596\n",
       "...        ...       ...     ...        ...\n",
       "99995      880       476       3  880175444\n",
       "99996      716       204       5  879795543\n",
       "99997      276      1090       1  874795795\n",
       "99998       13       225       2  882399156\n",
       "99999       12       203       3  879959583\n",
       "\n",
       "[100000 rows x 4 columns]"
      ]
     },
     "execution_count": 9,
     "metadata": {},
     "output_type": "execute_result"
    }
   ],
   "source": [
    "# carrega com pandas o dataset u1 separado por tabs\n",
    "import pandas as pd\n",
    "\n",
    "# carrega o dataset de avaliações\n",
    "complete = pd.read_csv('dataset-t2/ml-100k/u.data', sep='\\t', header=None)\n",
    "complete.columns = ['user_id', 'movie_id', 'rating', 'timestamp']\n",
    "\n",
    "complete\n"
   ]
  },
  {
   "cell_type": "code",
   "execution_count": 10,
   "metadata": {},
   "outputs": [
    {
     "name": "stdout",
     "output_type": "stream",
     "text": [
      "Numero de usuarios para treino: 754\n",
      "Numero de usuarios para teste: 189\n",
      "[np.int64(1), np.int64(2), np.int64(4), np.int64(5), np.int64(6)]\n",
      "[np.int64(3), np.int64(13), np.int64(43), np.int64(45), np.int64(46)]\n"
     ]
    }
   ],
   "source": [
    "# seleciona aleatoriamente 80% dos usuarios para treino e os demais para teste\n",
    "np.random.seed(42)\n",
    "users = complete.user_id.unique()\n",
    "np.random.shuffle(users)\n",
    "train_users = users[:int(0.8*len(users))]\n",
    "test_users = users[int(0.8*len(users)):]\n",
    "print(\"Numero de usuarios para treino:\",len(train_users))\n",
    "print(\"Numero de usuarios para teste:\",len(test_users))\n",
    "\n",
    "print(sorted(train_users)[:5])\n",
    "print(sorted(test_users)[:5])"
   ]
  },
  {
   "cell_type": "code",
   "execution_count": 11,
   "metadata": {},
   "outputs": [
    {
     "name": "stdout",
     "output_type": "stream",
     "text": [
      "Numero de avaliações para treino: 79186\n",
      "Numero de avaliações para teste: 20814\n"
     ]
    }
   ],
   "source": [
    "# com base nos train_users e test_users, separa os dados de treino e teste\n",
    "train_raw = complete[complete.user_id.isin(train_users)]\n",
    "test_raw = complete[complete.user_id.isin(test_users)]\n",
    "\n",
    "print(\"Numero de avaliações para treino:\",len(train_raw))\n",
    "print(\"Numero de avaliações para teste:\",len(test_raw))"
   ]
  },
  {
   "cell_type": "code",
   "execution_count": 12,
   "metadata": {},
   "outputs": [
    {
     "data": {
      "text/html": [
       "<div>\n",
       "<style scoped>\n",
       "    .dataframe tbody tr th:only-of-type {\n",
       "        vertical-align: middle;\n",
       "    }\n",
       "\n",
       "    .dataframe tbody tr th {\n",
       "        vertical-align: top;\n",
       "    }\n",
       "\n",
       "    .dataframe thead th {\n",
       "        text-align: right;\n",
       "    }\n",
       "</style>\n",
       "<table border=\"1\" class=\"dataframe\">\n",
       "  <thead>\n",
       "    <tr style=\"text-align: right;\">\n",
       "      <th></th>\n",
       "      <th>user_id</th>\n",
       "      <th>movie_id</th>\n",
       "      <th>rating</th>\n",
       "      <th>timestamp</th>\n",
       "    </tr>\n",
       "  </thead>\n",
       "  <tbody>\n",
       "    <tr>\n",
       "      <th>0</th>\n",
       "      <td>196</td>\n",
       "      <td>242</td>\n",
       "      <td>3</td>\n",
       "      <td>881250949</td>\n",
       "    </tr>\n",
       "    <tr>\n",
       "      <th>2</th>\n",
       "      <td>22</td>\n",
       "      <td>377</td>\n",
       "      <td>1</td>\n",
       "      <td>878887116</td>\n",
       "    </tr>\n",
       "    <tr>\n",
       "      <th>3</th>\n",
       "      <td>244</td>\n",
       "      <td>51</td>\n",
       "      <td>2</td>\n",
       "      <td>880606923</td>\n",
       "    </tr>\n",
       "    <tr>\n",
       "      <th>5</th>\n",
       "      <td>298</td>\n",
       "      <td>474</td>\n",
       "      <td>4</td>\n",
       "      <td>884182806</td>\n",
       "    </tr>\n",
       "    <tr>\n",
       "      <th>6</th>\n",
       "      <td>115</td>\n",
       "      <td>265</td>\n",
       "      <td>2</td>\n",
       "      <td>881171488</td>\n",
       "    </tr>\n",
       "    <tr>\n",
       "      <th>...</th>\n",
       "      <td>...</td>\n",
       "      <td>...</td>\n",
       "      <td>...</td>\n",
       "      <td>...</td>\n",
       "    </tr>\n",
       "    <tr>\n",
       "      <th>99993</th>\n",
       "      <td>913</td>\n",
       "      <td>209</td>\n",
       "      <td>2</td>\n",
       "      <td>881367150</td>\n",
       "    </tr>\n",
       "    <tr>\n",
       "      <th>99994</th>\n",
       "      <td>378</td>\n",
       "      <td>78</td>\n",
       "      <td>3</td>\n",
       "      <td>880056976</td>\n",
       "    </tr>\n",
       "    <tr>\n",
       "      <th>99996</th>\n",
       "      <td>716</td>\n",
       "      <td>204</td>\n",
       "      <td>5</td>\n",
       "      <td>879795543</td>\n",
       "    </tr>\n",
       "    <tr>\n",
       "      <th>99997</th>\n",
       "      <td>276</td>\n",
       "      <td>1090</td>\n",
       "      <td>1</td>\n",
       "      <td>874795795</td>\n",
       "    </tr>\n",
       "    <tr>\n",
       "      <th>99999</th>\n",
       "      <td>12</td>\n",
       "      <td>203</td>\n",
       "      <td>3</td>\n",
       "      <td>879959583</td>\n",
       "    </tr>\n",
       "  </tbody>\n",
       "</table>\n",
       "<p>79186 rows × 4 columns</p>\n",
       "</div>"
      ],
      "text/plain": [
       "       user_id  movie_id  rating  timestamp\n",
       "0          196       242       3  881250949\n",
       "2           22       377       1  878887116\n",
       "3          244        51       2  880606923\n",
       "5          298       474       4  884182806\n",
       "6          115       265       2  881171488\n",
       "...        ...       ...     ...        ...\n",
       "99993      913       209       2  881367150\n",
       "99994      378        78       3  880056976\n",
       "99996      716       204       5  879795543\n",
       "99997      276      1090       1  874795795\n",
       "99999       12       203       3  879959583\n",
       "\n",
       "[79186 rows x 4 columns]"
      ]
     },
     "execution_count": 12,
     "metadata": {},
     "output_type": "execute_result"
    }
   ],
   "source": [
    "train_raw"
   ]
  },
  {
   "cell_type": "markdown",
   "metadata": {},
   "source": [
    "próximo a 80000 amostras"
   ]
  },
  {
   "cell_type": "code",
   "execution_count": 13,
   "metadata": {},
   "outputs": [
    {
     "data": {
      "text/html": [
       "<div>\n",
       "<style scoped>\n",
       "    .dataframe tbody tr th:only-of-type {\n",
       "        vertical-align: middle;\n",
       "    }\n",
       "\n",
       "    .dataframe tbody tr th {\n",
       "        vertical-align: top;\n",
       "    }\n",
       "\n",
       "    .dataframe thead th {\n",
       "        text-align: right;\n",
       "    }\n",
       "</style>\n",
       "<table border=\"1\" class=\"dataframe\">\n",
       "  <thead>\n",
       "    <tr style=\"text-align: right;\">\n",
       "      <th></th>\n",
       "      <th>user_id</th>\n",
       "      <th>movie_id</th>\n",
       "      <th>rating</th>\n",
       "      <th>timestamp</th>\n",
       "    </tr>\n",
       "  </thead>\n",
       "  <tbody>\n",
       "    <tr>\n",
       "      <th>1</th>\n",
       "      <td>186</td>\n",
       "      <td>302</td>\n",
       "      <td>3</td>\n",
       "      <td>891717742</td>\n",
       "    </tr>\n",
       "    <tr>\n",
       "      <th>4</th>\n",
       "      <td>166</td>\n",
       "      <td>346</td>\n",
       "      <td>1</td>\n",
       "      <td>886397596</td>\n",
       "    </tr>\n",
       "    <tr>\n",
       "      <th>13</th>\n",
       "      <td>210</td>\n",
       "      <td>40</td>\n",
       "      <td>3</td>\n",
       "      <td>891035994</td>\n",
       "    </tr>\n",
       "    <tr>\n",
       "      <th>14</th>\n",
       "      <td>224</td>\n",
       "      <td>29</td>\n",
       "      <td>3</td>\n",
       "      <td>888104457</td>\n",
       "    </tr>\n",
       "    <tr>\n",
       "      <th>20</th>\n",
       "      <td>119</td>\n",
       "      <td>392</td>\n",
       "      <td>4</td>\n",
       "      <td>886176814</td>\n",
       "    </tr>\n",
       "    <tr>\n",
       "      <th>...</th>\n",
       "      <td>...</td>\n",
       "      <td>...</td>\n",
       "      <td>...</td>\n",
       "      <td>...</td>\n",
       "    </tr>\n",
       "    <tr>\n",
       "      <th>99987</th>\n",
       "      <td>660</td>\n",
       "      <td>229</td>\n",
       "      <td>2</td>\n",
       "      <td>891406212</td>\n",
       "    </tr>\n",
       "    <tr>\n",
       "      <th>99988</th>\n",
       "      <td>421</td>\n",
       "      <td>498</td>\n",
       "      <td>4</td>\n",
       "      <td>892241344</td>\n",
       "    </tr>\n",
       "    <tr>\n",
       "      <th>99989</th>\n",
       "      <td>495</td>\n",
       "      <td>1091</td>\n",
       "      <td>4</td>\n",
       "      <td>888637503</td>\n",
       "    </tr>\n",
       "    <tr>\n",
       "      <th>99995</th>\n",
       "      <td>880</td>\n",
       "      <td>476</td>\n",
       "      <td>3</td>\n",
       "      <td>880175444</td>\n",
       "    </tr>\n",
       "    <tr>\n",
       "      <th>99998</th>\n",
       "      <td>13</td>\n",
       "      <td>225</td>\n",
       "      <td>2</td>\n",
       "      <td>882399156</td>\n",
       "    </tr>\n",
       "  </tbody>\n",
       "</table>\n",
       "<p>20814 rows × 4 columns</p>\n",
       "</div>"
      ],
      "text/plain": [
       "       user_id  movie_id  rating  timestamp\n",
       "1          186       302       3  891717742\n",
       "4          166       346       1  886397596\n",
       "13         210        40       3  891035994\n",
       "14         224        29       3  888104457\n",
       "20         119       392       4  886176814\n",
       "...        ...       ...     ...        ...\n",
       "99987      660       229       2  891406212\n",
       "99988      421       498       4  892241344\n",
       "99989      495      1091       4  888637503\n",
       "99995      880       476       3  880175444\n",
       "99998       13       225       2  882399156\n",
       "\n",
       "[20814 rows x 4 columns]"
      ]
     },
     "execution_count": 13,
     "metadata": {},
     "output_type": "execute_result"
    }
   ],
   "source": [
    "test_raw"
   ]
  },
  {
   "cell_type": "markdown",
   "metadata": {},
   "source": [
    "próximo a 20000 amostras"
   ]
  },
  {
   "cell_type": "markdown",
   "metadata": {},
   "source": [
    "Agora constroi a tabelona"
   ]
  },
  {
   "cell_type": "code",
   "execution_count": 14,
   "metadata": {},
   "outputs": [
    {
     "name": "stdout",
     "output_type": "stream",
     "text": [
      "Matriz de treino: (754, 1646)\n",
      "Matriz de teste: (189, 1438)\n"
     ]
    }
   ],
   "source": [
    "# cria a matriz de avaliações\n",
    "# a linha da matriz de treino é o usuario, a coluna é o filme, e o valor é a avaliação. Se não houver avaliação, é NaN\n",
    "train = train_raw.pivot(index='user_id', columns='movie_id', values='rating')\n",
    "test = test_raw.pivot(index='user_id', columns='movie_id', values='rating')\n",
    "\n",
    "print(\"Matriz de treino:\",train.shape)\n",
    "print(\"Matriz de teste:\",test.shape)"
   ]
  },
  {
   "cell_type": "code",
   "execution_count": 15,
   "metadata": {},
   "outputs": [
    {
     "data": {
      "text/html": [
       "<div>\n",
       "<style scoped>\n",
       "    .dataframe tbody tr th:only-of-type {\n",
       "        vertical-align: middle;\n",
       "    }\n",
       "\n",
       "    .dataframe tbody tr th {\n",
       "        vertical-align: top;\n",
       "    }\n",
       "\n",
       "    .dataframe thead th {\n",
       "        text-align: right;\n",
       "    }\n",
       "</style>\n",
       "<table border=\"1\" class=\"dataframe\">\n",
       "  <thead>\n",
       "    <tr style=\"text-align: right;\">\n",
       "      <th>movie_id</th>\n",
       "      <th>1</th>\n",
       "      <th>2</th>\n",
       "      <th>3</th>\n",
       "      <th>4</th>\n",
       "      <th>5</th>\n",
       "      <th>6</th>\n",
       "      <th>7</th>\n",
       "      <th>8</th>\n",
       "      <th>9</th>\n",
       "      <th>10</th>\n",
       "      <th>...</th>\n",
       "      <th>1672</th>\n",
       "      <th>1673</th>\n",
       "      <th>1675</th>\n",
       "      <th>1676</th>\n",
       "      <th>1677</th>\n",
       "      <th>1678</th>\n",
       "      <th>1679</th>\n",
       "      <th>1680</th>\n",
       "      <th>1681</th>\n",
       "      <th>1682</th>\n",
       "    </tr>\n",
       "    <tr>\n",
       "      <th>user_id</th>\n",
       "      <th></th>\n",
       "      <th></th>\n",
       "      <th></th>\n",
       "      <th></th>\n",
       "      <th></th>\n",
       "      <th></th>\n",
       "      <th></th>\n",
       "      <th></th>\n",
       "      <th></th>\n",
       "      <th></th>\n",
       "      <th></th>\n",
       "      <th></th>\n",
       "      <th></th>\n",
       "      <th></th>\n",
       "      <th></th>\n",
       "      <th></th>\n",
       "      <th></th>\n",
       "      <th></th>\n",
       "      <th></th>\n",
       "      <th></th>\n",
       "      <th></th>\n",
       "    </tr>\n",
       "  </thead>\n",
       "  <tbody>\n",
       "    <tr>\n",
       "      <th>1</th>\n",
       "      <td>5.0</td>\n",
       "      <td>3.0</td>\n",
       "      <td>4.0</td>\n",
       "      <td>3.0</td>\n",
       "      <td>3.0</td>\n",
       "      <td>5.0</td>\n",
       "      <td>4.0</td>\n",
       "      <td>1.0</td>\n",
       "      <td>5.0</td>\n",
       "      <td>3.0</td>\n",
       "      <td>...</td>\n",
       "      <td>NaN</td>\n",
       "      <td>NaN</td>\n",
       "      <td>NaN</td>\n",
       "      <td>NaN</td>\n",
       "      <td>NaN</td>\n",
       "      <td>NaN</td>\n",
       "      <td>NaN</td>\n",
       "      <td>NaN</td>\n",
       "      <td>NaN</td>\n",
       "      <td>NaN</td>\n",
       "    </tr>\n",
       "    <tr>\n",
       "      <th>2</th>\n",
       "      <td>4.0</td>\n",
       "      <td>NaN</td>\n",
       "      <td>NaN</td>\n",
       "      <td>NaN</td>\n",
       "      <td>NaN</td>\n",
       "      <td>NaN</td>\n",
       "      <td>NaN</td>\n",
       "      <td>NaN</td>\n",
       "      <td>NaN</td>\n",
       "      <td>2.0</td>\n",
       "      <td>...</td>\n",
       "      <td>NaN</td>\n",
       "      <td>NaN</td>\n",
       "      <td>NaN</td>\n",
       "      <td>NaN</td>\n",
       "      <td>NaN</td>\n",
       "      <td>NaN</td>\n",
       "      <td>NaN</td>\n",
       "      <td>NaN</td>\n",
       "      <td>NaN</td>\n",
       "      <td>NaN</td>\n",
       "    </tr>\n",
       "    <tr>\n",
       "      <th>4</th>\n",
       "      <td>NaN</td>\n",
       "      <td>NaN</td>\n",
       "      <td>NaN</td>\n",
       "      <td>NaN</td>\n",
       "      <td>NaN</td>\n",
       "      <td>NaN</td>\n",
       "      <td>NaN</td>\n",
       "      <td>NaN</td>\n",
       "      <td>NaN</td>\n",
       "      <td>NaN</td>\n",
       "      <td>...</td>\n",
       "      <td>NaN</td>\n",
       "      <td>NaN</td>\n",
       "      <td>NaN</td>\n",
       "      <td>NaN</td>\n",
       "      <td>NaN</td>\n",
       "      <td>NaN</td>\n",
       "      <td>NaN</td>\n",
       "      <td>NaN</td>\n",
       "      <td>NaN</td>\n",
       "      <td>NaN</td>\n",
       "    </tr>\n",
       "    <tr>\n",
       "      <th>5</th>\n",
       "      <td>4.0</td>\n",
       "      <td>3.0</td>\n",
       "      <td>NaN</td>\n",
       "      <td>NaN</td>\n",
       "      <td>NaN</td>\n",
       "      <td>NaN</td>\n",
       "      <td>NaN</td>\n",
       "      <td>NaN</td>\n",
       "      <td>NaN</td>\n",
       "      <td>NaN</td>\n",
       "      <td>...</td>\n",
       "      <td>NaN</td>\n",
       "      <td>NaN</td>\n",
       "      <td>NaN</td>\n",
       "      <td>NaN</td>\n",
       "      <td>NaN</td>\n",
       "      <td>NaN</td>\n",
       "      <td>NaN</td>\n",
       "      <td>NaN</td>\n",
       "      <td>NaN</td>\n",
       "      <td>NaN</td>\n",
       "    </tr>\n",
       "    <tr>\n",
       "      <th>6</th>\n",
       "      <td>4.0</td>\n",
       "      <td>NaN</td>\n",
       "      <td>NaN</td>\n",
       "      <td>NaN</td>\n",
       "      <td>NaN</td>\n",
       "      <td>NaN</td>\n",
       "      <td>2.0</td>\n",
       "      <td>4.0</td>\n",
       "      <td>4.0</td>\n",
       "      <td>NaN</td>\n",
       "      <td>...</td>\n",
       "      <td>NaN</td>\n",
       "      <td>NaN</td>\n",
       "      <td>NaN</td>\n",
       "      <td>NaN</td>\n",
       "      <td>NaN</td>\n",
       "      <td>NaN</td>\n",
       "      <td>NaN</td>\n",
       "      <td>NaN</td>\n",
       "      <td>NaN</td>\n",
       "      <td>NaN</td>\n",
       "    </tr>\n",
       "    <tr>\n",
       "      <th>...</th>\n",
       "      <td>...</td>\n",
       "      <td>...</td>\n",
       "      <td>...</td>\n",
       "      <td>...</td>\n",
       "      <td>...</td>\n",
       "      <td>...</td>\n",
       "      <td>...</td>\n",
       "      <td>...</td>\n",
       "      <td>...</td>\n",
       "      <td>...</td>\n",
       "      <td>...</td>\n",
       "      <td>...</td>\n",
       "      <td>...</td>\n",
       "      <td>...</td>\n",
       "      <td>...</td>\n",
       "      <td>...</td>\n",
       "      <td>...</td>\n",
       "      <td>...</td>\n",
       "      <td>...</td>\n",
       "      <td>...</td>\n",
       "      <td>...</td>\n",
       "    </tr>\n",
